"Lua 5.1"
479
479
479
479
479
479
479
479
479
479
396
396
396
396
396
332
332
332
332
332
332
332
332
332
332
80
122
164
206
248
290
332
374
416
458
475.93051198451
475.93051198451
475.93051198451
475.93051198451
475.93051198451
475.93051198451
475.93051198451
475.93051198451
475.93051198451
475.93051198451
392.93051198451
392.93051198451
392.93051198451
392.93051198451
392.93051198451
328.93051198451
328.93051198451
328.93051198451
328.93051198451
328.93051198451
328.93051198451
328.93051198451
328.93051198451
328.93051198451
328.93051198451
76.930511984508
118.93051198451
160.93051198451
202.93051198451
244.93051198451
286.93051198451
328.93051198451
370.93051198451
412.93051198451
454.93051198451
496.93051198451
472.54863913893
472.54863913893
472.54863913893
472.54863913893
472.54863913893
472.54863913893
472.54863913893
472.54863913893
472.54863913893
472.54863913893
389.54863913893
389.54863913893
389.54863913893
389.54863913893
389.54863913893
325.54863913893
325.54863913893
325.54863913893
325.54863913893
325.54863913893
325.54863913893
325.54863913893
325.54863913893
325.54863913893
325.54863913893
73.548639138928
115.54863913893
157.54863913893
199.54863913893
241.54863913893
283.54863913893
325.54863913893
367.54863913893
409.54863913893
451.54863913893
493.54863913893
467.86405288125
467.86405288125
467.86405288125
467.86405288125
467.86405288125
467.86405288125
467.86405288125
467.86405288125
467.86405288125
467.86405288125
384.86405288125
384.86405288125
384.86405288125
384.86405288125
384.86405288125
320.86405288125
320.86405288125
320.86405288125
320.86405288125
320.86405288125
320.86405288125
320.86405288125
320.86405288125
320.86405288125
320.86405288125
68.864052881254
110.86405288125
152.86405288125
194.86405288125
236.86405288125
278.86405288125
320.86405288125
362.86405288125
404.86405288125
446.86405288125
488.86405288125
461.96198985842
461.96198985842
461.96198985842
461.96198985842
461.96198985842
461.96198985842
461.96198985842
461.96198985842
461.96198985842
461.96198985842
378.96198985842
378.96198985842
378.96198985842
378.96198985842
378.96198985842
314.96198985842
314.96198985842
314.96198985842
314.96198985842
314.96198985842
314.96198985842
314.96198985842
314.96198985842
314.96198985842
314.96198985842
62.961989858421
104.96198985842
146.96198985842
188.96198985842
230.96198985842
272.96198985842
314.96198985842
356.96198985842
398.96198985842
440.96198985842
482.96198985842
454.69882779615
454.69882779615
454.69882779615
454.69882779615
454.69882779615
454.69882779615
454.69882779615
454.69882779615
454.69882779615
454.69882779615
371.69882779615
371.69882779615
371.69882779615
371.69882779615
371.69882779615
307.69882779615
307.69882779615
307.69882779615
307.69882779615
307.69882779615
307.69882779615
307.69882779615
307.69882779615
307.69882779615
307.69882779615
55.69882779615
97.69882779615
139.69882779615
181.69882779615
223.69882779615
265.69882779615
307.69882779615
349.69882779615
391.69882779615
433.69882779615
475.69882779615
446.03204211383
446.03204211383
446.03204211383
446.03204211383
446.03204211383
446.03204211383
446.03204211383
446.03204211383
446.03204211383
446.03204211383
363.03204211383
363.03204211383
363.03204211383
363.03204211383
363.03204211383
299.03204211383
299.03204211383
299.03204211383
299.03204211383
299.03204211383
299.03204211383
299.03204211383
299.03204211383
299.03204211383
299.03204211383
47.032042113831
89.032042113831
131.03204211383
173.03204211383
215.03204211383
257.03204211383
299.03204211383
341.03204211383
383.03204211383
425.03204211383
467.03204211383
435.93588555441
435.93588555441
435.93588555441
435.93588555441
435.93588555441
435.93588555441
435.93588555441
435.93588555441
435.93588555441
435.93588555441
352.93588555441
352.93588555441
352.93588555441
352.93588555441
352.93588555441
288.93588555441
288.93588555441
288.93588555441
288.93588555441
288.93588555441
288.93588555441
288.93588555441
288.93588555441
288.93588555441
288.93588555441
36.935885554412
78.935885554412
120.93588555441
162.93588555441
204.93588555441
246.93588555441
288.93588555441
330.93588555441
372.93588555441
414.93588555441
456.93588555441
424.48852473218
424.48852473218
424.48852473218
424.48852473218
424.48852473218
424.48852473218
424.48852473218
424.48852473218
424.48852473218
424.48852473218
341.48852473218
341.48852473218
341.48852473218
341.48852473218
341.48852473218
277.48852473218
277.48852473218
277.48852473218
277.48852473218
277.48852473218
277.48852473218
277.48852473218
277.48852473218
277.48852473218
277.48852473218
25.48852473218
67.48852473218
109.48852473218
151.48852473218
193.48852473218
235.48852473218
277.48852473218
319.48852473218
361.48852473218
403.48852473218
445.48852473218
411.64096245053
411.64096245053
411.64096245053
411.64096245053
411.64096245053
411.64096245053
411.64096245053
411.64096245053
411.64096245053
411.64096245053
328.64096245053
328.64096245053
328.64096245053
328.64096245053
328.64096245053
264.64096245053
264.64096245053
264.64096245053
264.64096245053
264.64096245053
264.64096245053
264.64096245053
264.64096245053
264.64096245053
264.64096245053
12.640962450532
54.640962450532
96.640962450532
138.64096245053
180.64096245053
222.64096245053
264.64096245053
306.64096245053
348.64096245053
390.64096245053
432.64096245053
397.3124469046
397.3124469046
397.3124469046
397.3124469046
397.3124469046
397.3124469046
397.3124469046
397.3124469046
397.3124469046
397.3124469046
314.3124469046
314.3124469046
314.3124469046
314.3124469046
314.3124469046
250.3124469046
250.3124469046
250.3124469046
250.3124469046
250.3124469046
250.3124469046
250.3124469046
250.3124469046
250.3124469046
250.3124469046
-1.6875530953985
40.312446904602
82.312446904602
124.3124469046
166.3124469046
208.3124469046
250.3124469046
292.3124469046
334.3124469046
376.3124469046
418.3124469046
381.68091663951
381.68091663951
381.68091663951
381.68091663951
381.68091663951
381.68091663951
381.68091663951
381.68091663951
381.68091663951
381.68091663951
298.68091663951
298.68091663951
298.68091663951
298.68091663951
298.68091663951
234.68091663951
234.68091663951
234.68091663951
234.68091663951
234.68091663951
234.68091663951
234.68091663951
234.68091663951
234.68091663951
234.68091663951
-17.319083360489
24.680916639511
66.680916639511
108.68091663951
150.68091663951
192.68091663951
234.68091663951
276.68091663951
318.68091663951
360.68091663951
402.68091663951
364.58381132921
364.58381132921
364.58381132921
364.58381132921
364.58381132921
364.58381132921
364.58381132921
364.58381132921
364.58381132921
364.58381132921
281.58381132921
281.58381132921
281.58381132921
281.58381132921
281.58381132921
217.58381132921
217.58381132921
217.58381132921
217.58381132921
217.58381132921
217.58381132921
217.58381132921
217.58381132921
217.58381132921
217.58381132921
-34.416188670788
7.583811329212
49.583811329212
91.583811329212
133.58381132921
175.58381132921
217.58381132921
259.58381132921
301.58381132921
343.58381132921
385.58381132921
346.10117053823
346.10117053823
346.10117053823
346.10117053823
346.10117053823
346.10117053823
346.10117053823
346.10117053823
346.10117053823
346.10117053823
263.10117053823
263.10117053823
263.10117053823
263.10117053823
263.10117053823
199.10117053823
199.10117053823
199.10117053823
199.10117053823
199.10117053823
199.10117053823
199.10117053823
199.10117053823
199.10117053823
199.10117053823
-52.898829461774
-10.898829461774
31.101170538226
73.101170538226
115.10117053823
157.10117053823
199.10117053823
241.10117053823
283.10117053823
325.10117053823
367.10117053823
326.17602563417
326.17602563417
326.17602563417
326.17602563417
326.17602563417
326.17602563417
326.17602563417
326.17602563417
326.17602563417
326.17602563417
243.17602563417
243.17602563417
243.17602563417
243.17602563417
243.17602563417
179.17602563417
179.17602563417
179.17602563417
179.17602563417
179.17602563417
179.17602563417
179.17602563417
179.17602563417
179.17602563417
179.17602563417
-72.823974365834
-30.823974365834
11.176025634166
53.176025634166
95.176025634166
137.17602563417
179.17602563417
221.17602563417
263.17602563417
305.17602563417
347.17602563417
304.93580512283
304.93580512283
304.93580512283
304.93580512283
304.93580512283
304.93580512283
304.93580512283
304.93580512283
304.93580512283
304.93580512283
221.93580512283
221.93580512283
221.93580512283
221.93580512283
221.93580512283
157.93580512283
157.93580512283
157.93580512283
157.93580512283
157.93580512283
157.93580512283
157.93580512283
157.93580512283
157.93580512283
157.93580512283
-94.064194877166
-52.064194877166
-10.064194877166
31.935805122834
73.935805122834
115.93580512283
157.93580512283
199.93580512283
241.93580512283
283.93580512283
325.93580512283
282.30906171259
282.30906171259
282.30906171259
282.30906171259
282.30906171259
282.30906171259
282.30906171259
282.30906171259
282.30906171259
282.30906171259
199.30906171259
199.30906171259
199.30906171259
199.30906171259
199.30906171259
135.30906171259
135.30906171259
135.30906171259
135.30906171259
135.30906171259
135.30906171259
135.30906171259
135.30906171259
135.30906171259
135.30906171259
-116.69093828741
-74.690938287415
-32.690938287415
9.3090617125854
51.309061712585
93.309061712585
135.30906171259
177.30906171259
219.30906171259
261.30906171259
303.30906171259
258.21817385452
258.21817385452
258.21817385452
258.21817385452
258.21817385452
258.21817385452
258.21817385452
258.21817385452
258.21817385452
258.21817385452
175.21817385452
175.21817385452
175.21817385452
175.21817385452
175.21817385452
111.21817385452
111.21817385452
111.21817385452
111.21817385452
111.21817385452
111.21817385452
111.21817385452
111.21817385452
111.21817385452
111.21817385452
-140.78182614548
-98.781826145481
-56.781826145481
-14.781826145481
27.218173854519
69.218173854519
111.21817385452
153.21817385452
195.21817385452
237.21817385452
279.21817385452
232.7244563438
232.7244563438
232.7244563438
232.7244563438
232.7244563438
232.7244563438
232.7244563438
232.7244563438
232.7244563438
232.7244563438
149.7244563438
149.7244563438
149.7244563438
149.7244563438
149.7244563438
85.7244563438
85.7244563438
85.7244563438
85.7244563438
85.7244563438
85.7244563438
85.7244563438
85.7244563438
85.7244563438
85.7244563438
-166.2755436562
-124.2755436562
-82.2755436562
-40.2755436562
1.7244563437998
43.7244563438
85.7244563438
127.7244563438
169.7244563438
211.7244563438
253.7244563438
205.78601703956
205.78601703956
205.78601703956
205.78601703956
205.78601703956
205.78601703956
205.78601703956
205.78601703956
205.78601703956
205.78601703956
122.78601703956
122.78601703956
122.78601703956
122.78601703956
122.78601703956
58.786017039558
58.786017039558
58.786017039558
58.786017039558
58.786017039558
58.786017039558
58.786017039558
58.786017039558
58.786017039558
58.786017039558
-193.21398296044
-151.21398296044
-109.21398296044
-67.213982960442
-25.213982960442
16.786017039558
58.786017039558
100.78601703956
142.78601703956
184.78601703956
226.78601703956
177.52187982178
177.52187982178
177.52187982178
177.52187982178
177.52187982178
177.52187982178
177.52187982178
177.52187982178
177.52187982178
177.52187982178
94.521879821783
94.521879821783
94.521879821783
94.521879821783
94.521879821783
30.521879821783
30.521879821783
30.521879821783
30.521879821783
30.521879821783
30.521879821783
30.521879821783
30.521879821783
30.521879821783
30.521879821783
-221.47812017822
-179.47812017822
-137.47812017822
-95.478120178217
-53.478120178217
-11.478120178217
30.521879821783
72.521879821783
114.52187982178
156.52187982178
198.52187982178
147.82200166699
147.82200166699
147.82200166699
147.82200166699
147.82200166699
147.82200166699
147.82200166699
147.82200166699
147.82200166699
147.82200166699
64.822001666995
64.822001666995
64.822001666995
64.822001666995
64.822001666995
0.82200166699477
0.82200166699477
0.82200166699477
0.82200166699477
0.82200166699477
0.82200166699477
0.82200166699477
0.82200166699477
0.82200166699477
0.82200166699477
-251.17799833301
-209.17799833301
-167.17799833301
-125.17799833301
-83.177998333005
-41.177998333005
0.82200166699477
42.822001666995
84.822001666995
126.82200166699
168.82200166699
116.71519062878
116.71519062878
116.71519062878
116.71519062878
116.71519062878
116.71519062878
116.71519062878
116.71519062878
116.71519062878
116.71519062878
33.715190628776
33.715190628776
33.715190628776
33.715190628776
33.715190628776
-30.284809371224
-30.284809371224
-30.284809371224
-30.284809371224
-30.284809371224
-30.284809371224
-30.284809371224
-30.284809371224
-30.284809371224
-30.284809371224
-240.28480937122
-198.28480937122
-156.28480937122
-114.28480937122
-72.284809371224
-30.284809371224
11.715190628776
53.715190628776
95.715190628776
137.71519062878
84.183402078925
84.183402078925
84.183402078925
84.183402078925
84.183402078925
84.183402078925
84.183402078925
84.183402078925
84.183402078925
84.183402078925
1.1834020789247
1.1834020789247
1.1834020789247
1.1834020789247
1.1834020789247
-62.816597921075
-62.816597921075
-62.816597921075
-62.816597921075
-62.816597921075
-62.816597921075
-62.816597921075
-62.816597921075
-62.816597921075
-62.816597921075
-272.81659792108
-230.81659792108
-188.81659792108
-146.81659792108
-104.81659792108
-62.816597921075
-20.816597921075
21.183402078925
63.183402078925
105.18340207892
50.250526963035
50.250526963035
50.250526963035
50.250526963035
50.250526963035
50.250526963035
50.250526963035
50.250526963035
50.250526963035
50.250526963035
-32.749473036965
-32.749473036965
-32.749473036965
-32.749473036965
-32.749473036965
-96.749473036965
-96.749473036965
-96.749473036965
-96.749473036965
-96.749473036965
-96.749473036965
-96.749473036965
-96.749473036965
-96.749473036965
-96.749473036965
-306.74947303697
-264.74947303697
-222.74947303697
-180.74947303697
-138.74947303697
-96.749473036965
-54.749473036965
-12.749473036965
29.250526963035
71.250526963035
14.931916446891
14.931916446891
14.931916446891
14.931916446891
14.931916446891
14.931916446891
14.931916446891
14.931916446891
14.931916446891
14.931916446891
-68.068083553109
-68.068083553109
-68.068083553109
-68.068083553109
-68.068083553109
-132.06808355311
-132.06808355311
-132.06808355311
-132.06808355311
-132.06808355311
-132.06808355311
-132.06808355311
-132.06808355311
-132.06808355311
-132.06808355311
-300.06808355311
-258.06808355311
-216.06808355311
-174.06808355311
-132.06808355311
-90.068083553109
-48.068083553109
-6.0680835531093
35.931916446891
-21.745801887708
-21.745801887708
-21.745801887708
-21.745801887708
-21.745801887708
-21.745801887708
-21.745801887708
-21.745801887708
-21.745801887708
-21.745801887708
-104.74580188771
-104.74580188771
-104.74580188771
-104.74580188771
-104.74580188771
-168.74580188771
-168.74580188771
-168.74580188771
-168.74580188771
-168.74580188771
-168.74580188771
-168.74580188771
-168.74580188771
-168.74580188771
-168.74580188771
-336.74580188771
-294.74580188771
-252.74580188771
-210.74580188771
-168.74580188771
-126.74580188771
-84.745801887708
-42.745801887708
-0.74580188770778
-59.816911131842
-59.816911131842
-59.816911131842
-59.816911131842
-59.816911131842
-59.816911131842
-59.816911131842
-59.816911131842
-59.816911131842
-59.816911131842
-142.81691113184
-142.81691113184
-142.81691113184
-142.81691113184
-142.81691113184
-206.81691113184
-206.81691113184
-206.81691113184
-206.81691113184
-206.81691113184
-206.81691113184
-206.81691113184
-206.81691113184
-206.81691113184
-206.81691113184
-332.81691113184
-290.81691113184
-248.81691113184
-206.81691113184
-164.81691113184
-122.81691113184
-80.816911131842
-38.816911131842
-99.313008473255
-99.313008473255
-99.313008473255
-99.313008473255
-99.313008473255
-99.313008473255
-99.313008473255
-99.313008473255
-99.313008473255
-99.313008473255
-182.31300847325
-182.31300847325
-182.31300847325
-182.31300847325
-182.31300847325
-246.31300847325
-246.31300847325
-246.31300847325
-246.31300847325
-246.31300847325
-246.31300847325
-246.31300847325
-246.31300847325
-246.31300847325
-246.31300847325
-372.31300847325
-330.31300847325
-288.31300847325
-246.31300847325
-204.31300847325
-162.31300847325
-120.31300847325
-78.313008473255
-140.17272392963
-140.17272392963
-140.17272392963
-140.17272392963
-140.17272392963
-140.17272392963
-140.17272392963
-140.17272392963
-140.17272392963
-140.17272392963
-223.17272392963
-223.17272392963
-223.17272392963
-223.17272392963
-223.17272392963
-287.17272392963
-287.17272392963
-287.17272392963
-287.17272392963
-287.17272392963
-287.17272392963
-287.17272392963
-287.17272392963
-287.17272392963
-287.17272392963
-371.17272392963
-329.17272392963
-287.17272392963
-245.17272392963
-203.17272392963
-161.17272392963
-119.17272392963
-182.52582641225
-182.52582641225
-182.52582641225
-182.52582641225
-182.52582641225
-182.52582641225
-182.52582641225
-182.52582641225
-182.52582641225
-182.52582641225
-265.52582641225
-265.52582641225
-265.52582641225
-265.52582641225
-265.52582641225
-329.52582641225
-329.52582641225
-329.52582641225
-329.52582641225
-329.52582641225
-329.52582641225
-329.52582641225
-329.52582641225
-329.52582641225
-329.52582641225
-413.52582641225
-371.52582641225
-329.52582641225
-287.52582641225
-245.52582641225
-203.52582641225
-161.52582641225
-226.20174913621
-226.20174913621
-226.20174913621
-226.20174913621
-226.20174913621
-226.20174913621
-226.20174913621
-226.20174913621
-226.20174913621
-226.20174913621
-309.20174913621
-309.20174913621
-309.20174913621
-309.20174913621
-309.20174913621
-373.20174913621
-373.20174913621
-373.20174913621
-373.20174913621
-373.20174913621
-373.20174913621
-373.20174913621
-373.20174913621
-373.20174913621
-373.20174913621
-415.20174913621
-373.20174913621
-331.20174913621
-289.20174913621
-247.20174913621
-205.20174913621
-271.31600075029
-271.31600075029
-271.31600075029
-271.31600075029
-271.31600075029
-271.31600075029
-271.31600075029
-271.31600075029
-271.31600075029
-271.31600075029
-354.31600075029
-354.31600075029
-354.31600075029
-354.31600075029
-354.31600075029
-418.31600075029
-418.31600075029
-418.31600075029
-418.31600075029
-418.31600075029
-418.31600075029
-418.31600075029
-418.31600075029
-418.31600075029
-418.31600075029
-460.31600075029
-418.31600075029
-376.31600075029
-334.31600075029
-292.31600075029
-250.31600075029
-317.83394915005
-317.83394915005
-317.83394915005
-317.83394915005
-317.83394915005
-317.83394915005
-317.83394915005
-317.83394915005
-317.83394915005
-317.83394915005
-400.83394915005
-400.83394915005
-400.83394915005
-400.83394915005
-400.83394915005
-464.83394915005
-464.83394915005
-464.83394915005
-464.83394915005
-464.83394915005
-464.83394915005
-464.83394915005
-464.83394915005
-464.83394915005
-464.83394915005
-464.83394915005
-422.83394915005
-380.83394915005
-338.83394915005
-296.83394915005
-365.75058608828
-365.75058608828
-365.75058608828
-365.75058608828
-365.75058608828
-365.75058608828
-365.75058608828
-365.75058608828
-365.75058608828
-365.75058608828
-448.75058608828
-448.75058608828
-448.75058608828
-448.75058608828
-448.75058608828
-512.75058608828
-512.75058608828
-512.75058608828
-512.75058608828
-512.75058608828
-512.75058608828
-512.75058608828
-512.75058608828
-512.75058608828
-512.75058608828
-512.75058608828
-470.75058608828
-428.75058608828
-386.75058608828
-344.75058608828
-415.02524976456
-415.02524976456
-415.02524976456
-415.02524976456
-415.02524976456
-415.02524976456
-415.02524976456
-415.02524976456
-415.02524976456
-415.02524976456
-498.02524976456
-498.02524976456
-498.02524976456
-498.02524976456
-498.02524976456
-520.02524976456
-478.02524976456
-436.02524976456
-394.02524976456
-437
-437
-437
-437
-437
-437
-437
-437
-437
-437
-520
-520
-520
-520
-520
-542
-500
-458
-416
-437
-437
-437
-437
-437
-437
-437
-437
-437
-437
-520
-520
-520
-520
-520
-542
-500
-458
-416
-437
-437
-437
-437
-437
-437
-437
-437
-437
-437
-520
-520
-520
-520
-520
-542
-500
-458
-416
-437
-437
-437
-437
-437
-437
-437
-437
-437
-437
-520
-520
-520
-520
-520
-542
-500
-458
-416
